8

0
0.000000
3.029876
2.520518
0.000000
0.000000
0.000000
0.000000
0.000000
0.000000
0.000000
0.000000
0.000000
0.000000
0.000000
0.000000
0.000000
0.000000
0.000000
0.000000
1.000000
1.000000
0.000000
0.000000
0.000000
0.000000
0.000000

1
1.300000
0.369275
-0.948652
-2.000000
30.000000
-10.000000
0.000000
30.000000
0.000000
0.000000
45.000000
0.000000
0.000000
0.000000
0.000000
0.000000
0.000000
0.000000
0.000000
1.200000
1.200000
45.000000
40.000000
10.000000
20.000000
-30.000000

2
2.300000
0.369275
-0.948652
0.000000
30.000000
-10.000000
0.000000
30.000000
0.000000
0.000000
45.000000
0.000000
0.000000
0.000000
0.000000
0.000000
0.000000
0.000000
0.000000
1.200000
1.200000
20.000000
40.000000
10.000000
20.000000
-30.000000

3
3.300000
0.369275
-0.948652
-0.500000
30.000000
-10.000000
0.000000
30.000000
0.000000
0.000000
45.000000
0.000000
0.000000
0.000000
0.000000
0.000000
0.000000
0.000000
0.000000
1.200000
1.200000
45.000000
40.000000
10.000000
20.000000
-30.000000

4
4.300000
3.000000
-0.948652
-3.000000
0.000000
0.000000
0.000000
30.000000
0.000000
0.000000
45.000000
0.000000
20.000000
0.000000
0.000000
0.000000
0.000000
0.000000
0.000000
1.000000
1.200000
0.000000
40.000000
10.000000
20.000000
-30.000000

5
5.800000
1.000000
-0.948652
-5.000000
0.000000
-40.000000
0.000000
30.000000
0.000000
0.000000
45.000000
0.000000
-30.000000
0.000000
0.000000
-40.000000
0.000000
0.000000
40.000000
1.200000
1.200000
45.000000
40.000000
5.000000
-20.000000
-30.000000

6
7.300000
-1.000000
-0.948652
-5.000000
0.000000
-60.000000
0.000000
30.000000
0.000000
0.000000
45.000000
0.000000
30.000000
0.000000
0.000000
40.000000
0.000000
0.000000
-40.000000
1.000000
1.200000
10.000000
40.000000
10.000000
20.000000
-30.000000

7
8.800000
-3.000000
-0.948652
-5.000000
0.000000
-60.000000
0.000000
30.000000
0.000000
0.000000
45.000000
0.000000
-30.000000
0.000000
0.000000
-40.000000
0.000000
0.000000
40.000000
1.000000
1.200000
45.000000
40.000000
0.000000
-30.000000
-30.000000

8
10.000000
-5.000000
-0.948652
-5.000000
0.000000
-60.000000
0.000000
30.000000
0.000000
0.000000
45.000000
0.000000
30.000000
0.000000
0.000000
40.000000
0.000000
0.000000
-40.000000
1.000000
1.200000
0.000000
40.000000
0.000000
10.000000
0.000000

