6

0
0.000000
3.029876
2.520518
0.000000
0.000000
0.000000
0.000000
0.000000
0.000000
0.000000
0.000000
0.000000
0.000000
0.000000
0.000000
0.000000
0.000000
0.000000
0.000000
1.000000
1.000000
0.000000
0.000000
0.000000
0.000000
0.000000

1
1.300000
0.369275
-0.948652
0.000000
30.000000
-10.000000
0.000000
30.000000
0.000000
0.000000
45.000000
0.000000
0.000000
0.000000
0.000000
0.000000
0.000000
0.000000
0.000000
1.200000
1.200000
45.000000
40.000000
10.000000
20.000000
-30.000000

2
1.300000
0.369275
-0.948652
0.000000
30.000000
-10.000000
0.000000
30.000000
0.000000
0.000000
45.000000
0.000000
0.000000
0.000000
0.000000
0.000000
0.000000
0.000000
0.000000
1.200000
1.200000
20.000000
40.000000
10.000000
20.000000
-30.000000

3
1.300000
0.369275
-0.948652
0.000000
30.000000
-10.000000
0.000000
30.000000
0.000000
0.000000
45.000000
0.000000
0.000000
0.000000
0.000000
0.000000
0.000000
0.000000
0.000000
1.200000
1.200000
45.000000
40.000000
10.000000
20.000000
-30.000000

4
1.300000
0.369275
-0.948652
0.000000
30.000000
-10.000000
0.000000
30.000000
0.000000
0.000000
45.000000
0.000000
0.000000
0.000000
0.000000
0.000000
0.000000
0.000000
0.000000
1.200000
1.200000
10.000000
40.000000
10.000000
20.000000
-30.000000

5
1.300000
0.369275
-0.948652
0.000000
30.000000
-10.000000
0.000000
30.000000
0.000000
0.000000
45.000000
0.000000
0.000000
0.000000
0.000000
0.000000
0.000000
0.000000
0.000000
1.200000
1.200000
45.000000
40.000000
10.000000
20.000000
-30.000000

6
1.300000
0.369275
-0.948652
0.000000
30.000000
-10.000000
0.000000
30.000000
0.000000
0.000000
45.000000
0.000000
0.000000
0.000000
0.000000
0.000000
0.000000
0.000000
0.000000
1.200000
1.200000
10.000000
40.000000
10.000000
20.000000
-30.000000

